$ANSIBLE_VAULT;1.1;AES256
31666433383637326630306134363861633236613361646336363061373561353331643733306536
3364393539613635356464316363613962613531373831350a363162343430393337313835333432
39386338323532656164666561666133643663613235386537663834386531393461363633616132
3664663533333632640a626636643030646431653239393037373935323632316462306235333533
39613337386535396539396635346563636531333434366536616136323162613632336230623139
62623037303631663664666332343863656135373233336336316564643939386330623530616266
65393236346232653732313033363539613764623131313737303466333632353631353737623036
30306439666264643133346433343266643932306137376664663134656131653365366130376535
37323439613436366261626332373234636339333239356664323238663131333535623132366232
63613438383739373865663036353864366339386265343338313266366665663330666135313730
37336363393863376139626533303161313837366661303462326236316461623039313466646661
37343434613232393862613335386130646662313461383130313364323533626439643964303033
37633735383766363136386138666463333030636234633961346434356637373461333663333538
35386363303834663931323330383939633634336333316334633465393433363666623938323639
30643364313361316137396662613238353663623063326338623135643065383836373263336231
31303465343433616431366233653633303566303438636135346361663338386137383462386266
3366
