$ANSIBLE_VAULT;1.1;AES256
39346662623964363738333231373331626461313233366336626465303532623731636665663864
3831356364626261316261616164346335653566303066630a663737323136663762396565316165
33656166633630366364613739353965663330343165316262343435613633313933316662663064
3131353139653132340a613735313231643961316365396431366630336262653066363037633431
34383264373963313636356634353866323231663039396361613837363262313536343462343038
33306364363331396639626664316665333431663962346533346266353361323765376139656439
62353436626436383962376366306363323061333733313066303032376237303430396364636431
61303735613330386334636131326334363366373366353534646663626637636633383464373536
38373761336433643065623561636537313666653931323039663432623830323962306263616232
63303262306530616239633133646635356165316139663261336138643934316234353135326338
37616261373933303262323330623664623335386436666361613666306438663239663733643363
35646337663938386635623962643661396133326231646362656335653630643537373863633366
30373961626436666434666661353032656264363535373530623830313335633733666531636333
32353039643032346338653831306166353535373965393566366165663937653066633766356635
64616332316337303964616433363633636539336633313563666531373134626635633231326464
62326365363739316636396432613132626262366132326239363634633430633534646332373235
3262
